010110100
011100111
101111000
101100000
010111001
101100100

100000111
100000110
011100011
101101000
010001100
000101010
010001101
100101011
001001001
010001001
010001101
111001100
001001001

011100011
010111001
101101000
010001100
000101010
100101101
100001111
100001110
100001011
001001000

011100011
010111010
101101000
010111001
101110000
010001101
010010100
000101010
000110100
111001000
111010000
101001100
001101100
100010010
100010010
001010000

010111001
101101000
010111001
101110000
010001101
010010100
000101010
000110100
111001000
111010000
101001100
001101100
100010010
001010000

010111001
101101000
010111001
101110000
010001101
010010100
000101010
000110100
111001000
111010000
101001100
001101100
100010001
001010000

010111001
101101000
010111001
101110000
010001101
010010100
000101010
000110100
111001000
111010000
101001100
001101100
001010000

011100111
101111100
011101011
000011110
110000000
010111001
110000100
010111110
011100111
110011100

010111001
101110100
101010011
011101110
011010000

111111111








